0 1.493 0.446 4			man
0 1.493 0.446 8			friend
0 1.493 0.446 12		true
0 1.493 0.446 16		one

.282 1.665 .185 21
-.358 1.301 .2023 22
-.282 1.665 .185 25
.358 1.301 .2023 26
0 1.493 0.446 28
-.009 1.301 0.223 30

-.64 1.381 .137 32
-.342 1.381 .361 33
.09 1.381 .391 34
.503 1.381 .226 35
.605 1.381 .03 35.5

-.447 1.665 .118 37
-.447 1.301 .156 39
.404 1.301 .156 41
.404 1.665 .118 43
-.196 1.487 .223 44
.189 1.487 .223 44
-.389 1.487 .076 46
.389 1.487 .076 46
-.128 1.487 .223 48
.128 1.487 .223 48

-.166 1.487 .32 53
-.376 1.438 .15 54
-.509 1.341 -.086 55
.185 1.487 .32 57
.376 1.438 .15 58
.509 1.341 -.086 59
-.13 1.487 .32 61
.13 1.487 .32 61
.23 1.318 .261 62
-.23 1.318 .261 62

.64 1.381 -.537 64
.342 1.381 .361 65
-.09 1.381 .391 66
-.503 1.381 .226 67
-.606 1.381 .03 67.5

.185 1.487 .32 69
.376 1.438 .15 70
.509 1.341 -.086 71
-.166 1.487 .32 73
-.376 1.438 .15 74
-.509 1.341 -.086 75
0 1.493 0.446 80

-0.862 .772 .448 84			find
-.0363 .772 .709 85			find
.363 .772 .709 86			some
.862 .772 .448 87			peace
.899 .95 .506 88			--
.704 .945 .329 90.5			I'll
.573 1.024 .398 91			let
.528 1.126 .273 91.5		you
.434 1.186 .372 92			know

.1515 1.527 .1665 93
-.111 1.614 -.043 94 		go-
-.367 1.407 -.282 95 		glow
-.573 1.06 -.513 96.5 		i'm 
-.667 1.161 -.429 97 		gon
-.757 1.233 -.513 97.5 		na
-.851 1.3335 -.428 98 		show
-.757 1.1745 -.714 99		my
-.757 1.1745 -.171 99		^
-.601 1.116 -.4 100			heart

-.601 1.116 -.4 102 		and
-.497 1.148 -.063 105 		this
-.173 1.066 .187 106 		time
.143 1.066 .187 108 		time
-.115 1.303 .187 110 		my
.074 1.303 .187 110 		my

-.1 1.6 .187 113.5			i
.1 1.6 .187 114				wan-
-.1 1.4 .187 114.5			na
.1 1.4 .187 115				be
-.1 1.2 .187 115.5			the
-.25 1.4 0.7 116			man

-.1 1.2 .187 117			
.1 1.6 .187 117.5			your
-.1 1.6 .187 118			lo-
.1 1.4 .187 118.5			ver
-.1 1.4 .187 119			and
.1 1.2 .187 119.5			your
.25 1.4 0.7 120				friend

.1 1.2 .187 121				
-.1 1.6 .187 121.5			im
.1 1.6 .187 122				gon-
-.1 1.4 .187 122.5			na
.1 1.4 .187 123				love
-.1 1.2 .187 123.5			you
-.25 1.4 0.7 124			true

-.1 1.2 .187 125			
.1 1.6 .187 125.5			i
-.1 1.6 .187 126			wan-
.1 1.4 .187 126.5			na
-.1 1.4 .187 127			be
.1 1.2 .187 127.5			the
-.1 1.2 .187 128			one

.5 1.4 .3 129				you
-.5 1.4 .3 129.5			come
-.25 1.4 .7 130.5			home
.25 1.4 .7 130.5
-.1 1.4 .187 131.5			to
.1 1.4 .187 131.5			^

-.325 1.4 .187 133 
.363 1.4 .187 133 
-.358 1.4 -.015 134 		gon
.338 1.451 .39 134 			^
-.185 1.4 -.174 135 		teach
.146 1.53 .514 135 			^
.072 1.4 -.174 136 			right
.003 1.627 .49 136 			^
.02 1.578 -.044 137 
.015 1.455 .404 137 
.047 1.319 .252 138 		do
.024 1.687 .126 138 		^
.027 1.784 .303 139 		ev
.104 1.236 .029 139			 ^

.082 1.52 .167 140 			night
-.083 1.496 .427 141.5
.115 1.559 .504 142
0 1.493 .646 143.5