-0.671875 0.984375 0.5 9110
-0.453125 1.21875 0.5 11292
-0.28125 0.9375 0.5 13474
-0.03125 1.171875 0.5 15656
0.6875 0.78125 0.5 17837
0.375 1.84375 0.5 18928
-0.1875 1.609375 0.5 19474
-0.296875 1.890625 0.5 20837
-0.59375 1.796875 0.5 21110
-0.625 0.59375 0.5 22201
0.0546875 0.62109375 0.5 23019
0.84375 0.984375 0.5 23837
0.65625 1.5625 0.5 24383
-0.21875 1.6328125 0.5 25201
-0.4453125 1.83984375 0.5 25474
0.265625 1.203125 0.5 26565
0.75 0.671875 0.5 27383
0.9375 0.921875 0.5 27656
0.40625 0.625 0.5 28747
-0.484375 0.578125 0.5 29565
-0.6875 1.40625 0.5 30383
-0.125 1.15625 0.5 30928
0.734375 1.265625 0.5 31747
0.984375 1.4375 0.5 32019
0.9375 0.828125 0.5 33656
0.390625 0.5625 0.5 34201
-0.21875 0.625 0.5 34747
-0.71875 0.96875 0.5 35292
-0.109375 1.828125 0.5 36383
0.46875 1.65625 0.5 36928
-0.078125 1.375 0.5 38565
-0.71875 0.796875 0.5 39656
0.46875 0.9375 0.5 40747
0.046875 1.375 0.5 41292
0.65625 1.375 0.5 42928
0.875 0.8125 0.5 43474
0.296875 0.625 0.5 44019
-0.125 0.953125 0.5 44837
-0.328125 1.171875 0.5 45110
-0.515625 1.75 0.5 46201
0.078125 1.30859375 0.5 47019
0.171875 1.015625 0.5 47292
0.28125 0.625 0.5 48383
-0.578125 0.75 0.5 49201
-0.75 1.0 0.5 49474
-0.59765625 1.58984375 0.5 50565
-0.5 0.80078125 0.5 51383
-0.1953125 0.78515625 0.5 51656
0.70703125 0.79296875 0.5 52474
0.83203125 1.06640625 0.5 52747
0.55078125 1.8359375 0.5 53565
0.26171875 1.9296875 0.5 53837
0.23828125 1.34375 0.5 54383
0.0625 1.09375 0.5 55747
-0.14453125 1.31640625 0.5 56019
-0.9375 0.734375 0.5 57110
-0.05078125 0.640625 0.5 57928
0.23828125 0.5546875 0.5 58201
0.828125 0.6875 0.5 58747
0.3125 1.640625 0.5 59837
-0.53125 1.890625 0.5 61474
-0.203125 0.8125 0.5 62565
0.40625 0.828125 0.5 64201
0.734375 1.4140625 0.5 65019
0.546875 1.65625 0.5 65292
0.00390625 1.8203125 0.5 65837
-0.16796875 1.55859375 0.5 66656
-0.3359375 1.30078125 0.5 66928
-0.5546875 0.62890625 0.5 67747
-0.82421875 0.7734375 0.5 68019
-0.375 1.78125 0.5 69110
-0.65625 1.65625 0.5 69928
-0.421875 1.453125 0.5 70201
0.46875 1.5 0.5 71019
0.578125 1.78125 0.5 71292
0.203125 0.890625 0.5 72383
0.8125 0.796875 0.5 74019
0.234375 0.609375 0.5 74565
0.453125 1.40625 0.5 75383
0.3125 1.671875 0.5 75656
-0.25 1.8125 0.5 76201
-0.75 1.453125 0.5 76747
-0.109375 0.625 0.5 77837
0.84375 1.1875 0.5 78928
0.4921875 1.87890625 0.5 79747
0.1875 1.890625 0.5 80019
-0.40625 1.9375 0.5 80565
-0.125 0.78125 0.5 81656
-0.3828125 0.61328125 0.5 83019
-0.69140625 0.609375 0.5 83292
-0.8515625 1.44140625 0.5 84110
-0.71875 1.71484375 0.5 84383
-0.2421875 1.4609375 0.5 84928
0.23828125 1.83203125 0.5 86019
0.78125 1.546875 0.5 87656
0.84375 0.8125 0.5 88474
0.55078125 0.7265625 0.5 88747
-0.046875 0.59375 0.5 89837
-0.890625 0.78125 0.5 90656
-0.953125 1.078125 0.5 90928
-0.34375 0.984375 0.5 92019
0.5078125 1.125 0.5 92837
0.80078125 1.0390625 0.5 93110
0.08984375 1.90234375 0.5 94201
-0.765625 1.71875 0.5 95019
-0.8515625 1.42578125 0.5 95292
-0.58984375 1.2734375 0.5 96110
-0.56640625 0.96875 0.5 96383
-0.34375 1.625 0.5 105110
-0.75 0.984375 0.5 105928
-0.578125 0.734375 0.5 106201
0.03125 0.75 0.5 107292
0.59765625 0.6796875 0.5 107837
0.796875 0.90625 0.5 108656
0.99609375 1.140625 0.5 108928
0.63671875 1.4921875 0.5 109474
0.171875 1.89453125 0.5 111110
-0.3828125 1.63671875 0.5 111656
-0.48828125 1.0390625 0.5 112201
-0.2578125 0.5703125 0.5 112747
0.9140625 0.75 0.5 113837
0.62109375 1.515625 0.5 114656
0.3671875 1.68359375 0.5 114928
-0.203125 1.81640625 0.5 115474
-0.2890625 1.16015625 0.5 116292
-0.4921875 0.92578125 0.5 116565
0.05078125 0.65234375 0.5 117656
0.65625 0.69140625 0.5 118201
0.8984375 1.125 0.5 119019
0.64453125 1.90625 0.5 119837
0.12109375 1.6640625 0.5 120383
-0.1484375 1.8125 0.5 120656
-0.453125 1.80078125 0.5 120928
-0.703125 1.62109375 0.5 121201
-0.82421875 1.33984375 0.5 121474
-0.55078125 0.59375 0.5 122292
-0.25390625 0.640625 0.5 122565
0.859375 0.95703125 0.5 123656
0.25 1.015625 0.5 125292
0.0234375 1.58203125 0.5 125837
-0.26171875 1.30078125 0.5 126656
0.0390625 1.2578125 0.5 126928
-0.5234375 1.01171875 0.5 128565
-0.66015625 0.73828125 0.5 128837
-0.41015625 0.56640625 0.5 129110
0.59765625 1.0 0.5 130201
-0.45703125 1.38671875 0.5 131292
-0.640625 1.62890625 0.5 132656
-0.62109375 1.9296875 0.5 132928
-0.921875 1.39453125 0.5 133474
-0.4609375 0.6328125 0.5 134292
-0.234375 0.83203125 0.5 134565
0.06640625 0.85546875 0.5 134837
0.32421875 0.6953125 0.5 135110
0.65234375 1.00390625 0.5 135656
-0.09375 1.1875 0.5 136474
-0.40234375 1.19921875 0.5 136747
-0.59375 1.43359375 0.5 137019
-0.5546875 1.734375 0.5 137292
-0.28515625 1.58203125 0.5 137837
0.44921875 1.19140625 0.5 138656
0.515625 0.89453125 0.5 138928
-0.05078125 1.1171875 0.5 140019
-0.7734375 0.73828125 0.5 140837
-0.48046875 0.65625 0.5 141110
-0.24609375 0.84765625 0.5 141383
0.0546875 0.8046875 0.5 141656
0.21875 1.30859375 0.5 142201
-0.0390625 1.7578125 0.5 143019
-0.3515625 1.76953125 0.5 143292
-0.6328125 1.890625 0.5 143565
-0.92578125 1.80859375 0.5 143837
-0.65625 1.58203125 0.5 144383
-0.97265625 1.1171875 0.5 145201
-0.94140625 0.8125 0.5 145474
-0.66015625 0.69140625 0.5 145747
-0.40234375 0.84375 0.5 146019
0.16015625 0.8046875 0.5 146565
-0.37890625 1.375 0.5 147383
-0.515625 1.64453125 0.5 147656
-0.89453125 1.1640625 0.5 148747
-0.296875 0.6171875 0.5 149837
0.14453125 1.03515625 0.5 150383
-0.1796875 1.453125 0.5 150928
-0.4765625 1.53515625 0.5 152292
-0.44140625 1.23046875 0.5 152565
-0.765625 0.90625 0.5 153110
-0.3046875 0.66796875 0.5 153656
-0.078125 0.8671875 0.5 153928
0.21484375 0.78125 0.5 154201
0.15234375 1.078125 0.5 155019
0.22265625 1.37109375 0.5 155292
0.51953125 1.3046875 0.5 156656
0.74609375 1.50390625 0.5 156928
0.62109375 0.97265625 0.5 157474
0.32421875 1.04296875 0.5 157747
0.01953125 1.03125 0.5 158019
-0.23046875 1.203125 0.5 158837
-0.31640625 1.4921875 0.5 159110
-0.58203125 1.84375 0.5 159656
-0.81640625 1.30859375 0.5 160201
-0.5703125 1.12890625 0.5 160474
-0.5703125 0.8203125 0.5 160747
-0.2734375 0.8828125 0.5 161019
-0.1015625 0.6328125 0.5 161292
0.04296875 0.8984375 0.5 161565
-0.109375 1.16015625 0.5 161837
0.0390625 1.7109375 0.5 162383
0.3046875 1.859375 0.5 162656
0.03515625 1.7109375 0.5 163474
-0.23046875 1.86328125 0.5 163747
-0.515625 1.96875 0.5 164019
-0.6953125 1.4609375 0.5 164565
-0.76953125 0.890625 0.5 165110
-0.5078125 0.734375 0.5 165383
-0.32421875 0.97265625 0.5 166201
0.0625 0.5625 0.5 166747
0.40234375 0.83984375 0.5 167292
0.01953125 1.25390625 0.5 167837
-0.05078125 1.55078125 0.5 168110
0.07421875 1.82421875 0.5 168383
-0.21875 1.921875 0.5 169747
-0.51953125 1.96875 0.5 170019
-0.625 1.46484375 0.5 170565
-0.80078125 1.20703125 0.5 171383
-0.921875 0.92578125 0.5 172201
-0.3984375 0.6015625 0.5 172747
0.421875 1.1953125 0.5 173837
-0.44140625 1.72265625 0.5 174928
-0.87890625 1.1328125 0.5 175747
-0.91796875 0.828125 0.5 176019
-0.01953125 0.81640625 0.5 176837
0.21484375 0.62109375 0.5 177110
0.2265625 1.203125 0.5 177656
0.51953125 1.125 0.5 179019
0.70703125 0.8828125 0.5 179292
0.68359375 1.41796875 0.5 179837
0.48828125 1.8828125 0.5 180383
-0.0390625 1.6484375 0.5 180928
-0.5859375 1.85546875 0.5 181474
-0.1796875 1.1875 0.5 182292
-0.29296875 0.90234375 0.5 182565
-0.02734375 0.75390625 0.5 183383
0.26171875 0.83984375 0.5 183656
0.45703125 1.703125 0.5 184474
0.59765625 1.97265625 0.5 184747
-0.671875 0.94921875 0.5 194565
0.38671875 0.81640625 0.5 195656
0.53125 1.609375 0.5 196747
-0.609375 1.8359375 0.5 197837
-0.55859375 0.99609375 0.5 198656
-0.765625 0.76953125 0.5 198928
-0.10546875 1.47265625 0.5 200019
-0.6640625 1.21875 0.5 201656
-0.1484375 0.89453125 0.5 202201
0.58203125 0.890625 0.5 205474
-0.23828125 1.09375 0.5 206292
-0.46484375 1.296875 0.5 206565
-0.265625 1.52734375 0.5 207383
-0.3359375 1.82421875 0.5 207656
-0.59765625 1.66015625 0.5 209019
-0.8359375 1.8515625 0.5 209292
-0.90625 1.2578125 0.5 209837
0.2734375 0.98828125 0.5 210928
0.30078125 1.58203125 0.5 211474
-0.17578125 1.87109375 0.5 212019
-0.08203125 1.578125 0.5 213383
-0.13671875 1.27734375 0.5 213656
-0.49609375 0.9765625 0.5 214201
-0.84375 1.4765625 0.5 215837
0.23828125 1.89453125 0.5 216928
0.7890625 1.6328125 0.5 217474
0.29296875 0.625 0.5 218565
-0.82421875 0.93359375 0.5 219656
-0.28515625 1.890625 0.5 220747
0.6171875 1.90625 0.5 221565
0.91796875 1.8984375 0.5 221837
0.4765625 0.8359375 0.5 222928
0.375 0.54296875 0.5 224292
0.1328125 0.73046875 0.5 224565
-0.45703125 0.57421875 0.5 225110
-0.59375 1.41015625 0.5 225928
-0.81640625 1.1953125 0.5 226201
-0.10546875 1.62890625 0.5 227292
0.71875 1.4375 0.5 228110
0.48046875 1.2421875 0.5 228928
0.56640625 0.63671875 0.5 229474
-0.26171875 0.8359375 0.5 230292
-0.5390625 0.703125 0.5 230565
-0.3125 1.19921875 0.5 231110
-0.54296875 1.6953125 0.5 231656
0.03515625 1.88671875 0.5 233292
0.52734375 1.921875 0.5 233837
0.05078125 1.3515625 0.5 234656
-0.23828125 1.44921875 0.5 234928
-0.78515625 0.79296875 0.5 236019
0.0625 1.0 0.5 236837
0.296875 1.19140625 0.5 237110
0.0 1.72265625 0.5 238201
0.6015625 1.640625 0.5 239837
0.0 1.25 0.5 240383
